% Orthogonal Daubechies coefficients (normalized to have sum 2).
% Obtained from http://en.wikipedia.org/wiki/Daubechies_wavelet

D4 = [
0.6830127
1.1830127
0.3169873
-0.1830127
];

D6 = [
0.47046721
1.14111692
0.650365
-0.19093442
-0.12083221
0.0498175
];

D8 = [
0.32580343
1.01094572
0.8922014
-0.03957503
-0.26450717
0.0436163
0.0465036
-0.01498699
];

